50000.0
49850.0
49698.37
49545.11
49390.22
49233.700000000004
49075.55
48915.770000000004
48754.36
48591.32
48426.65
48260.35
48092.42
47922.86
47751.67
47578.85
47404.4
47228.32
47050.61
46871.270000000004
46690.3
46507.700000000004
46323.47
46137.61
45950.12
45761.0
45570.25
45377.87
45183.86
44988.22
44790.950000000004
44592.05
44391.520000000004
44189.36
43985.57
43780.15
43573.1
43364.42
43154.11
42942.17
42728.6
42513.4
42296.57
42078.11
41858.020000000004
41636.3
41412.950000000004
41187.97
40961.36
40733.12
40503.25
40271.75
40038.62
39803.86
39567.47
39329.450000000004
39089.8
38848.520000000004
38605.61000000001
38361.07000000001
38114.90000000001
37867.100000000006
37617.670000000006
37366.61000000001
37113.920000000006
36859.600000000006
36603.65000000001
36346.07000000001
36086.86000000001
35826.02000000001
35563.55000000001
35299.45000000001
35033.72000000001
34766.36000000001
34497.37000000001
34226.75000000001
33954.50000000001
33680.62000000001
33405.11000000001
33127.97000000001
32849.20000000001
32568.80000000001
32286.77000000001
32003.11000000001
31717.82000000001
31430.900000000012
31142.350000000013
30852.170000000013
30560.36000000001
30266.920000000013
29971.850000000013
29675.150000000012
29376.820000000014
29076.860000000015
28775.270000000015
28472.050000000014
28167.200000000015
27860.720000000016
27552.610000000015
27242.870000000017
26931.50000000002
26618.50000000002
26303.870000000017
25987.61000000002
25669.72000000002
25350.20000000002
25029.05000000002
24706.270000000022
24381.860000000022
24055.82000000002
23728.150000000023
23398.850000000024
23067.920000000024
22735.360000000022
22401.170000000024
22065.350000000024
21727.900000000023
21388.820000000025
21048.110000000026
20705.770000000026
20361.800000000025
20016.200000000026
19668.970000000027
19320.110000000026
18969.620000000028
18617.50000000003
18263.75000000003
17908.370000000028
17551.36000000003
17192.72000000003
16832.45000000003
16470.550000000032
16107.020000000033
15741.860000000033
15375.070000000034
