-150.0
-151.63
-153.26
-154.89
-156.51999999999998
-158.14999999999998
-159.77999999999997
-161.40999999999997
-163.03999999999996
-164.66999999999996
-166.29999999999995
-167.92999999999995
-169.55999999999995
-171.18999999999994
-172.81999999999994
-174.44999999999993
-176.07999999999993
-177.70999999999992
-179.33999999999992
-180.9699999999999
-182.5999999999999
-184.2299999999999
-185.8599999999999
-187.4899999999999
-189.1199999999999
-190.7499999999999
-192.37999999999988
-194.00999999999988
-195.63999999999987
-197.26999999999987
-198.89999999999986
-200.52999999999986
-202.15999999999985
-203.78999999999985
-205.41999999999985
-207.04999999999984
-208.67999999999984
-210.30999999999983
-211.93999999999983
-213.56999999999982
-215.19999999999982
-216.8299999999998
-218.4599999999998
-220.0899999999998
-221.7199999999998
-223.3499999999998
-224.9799999999998
-226.6099999999998
-228.23999999999978
-229.86999999999978
-231.49999999999977
-233.12999999999977
-234.75999999999976
-236.38999999999976
-238.01999999999975
-239.64999999999975
-241.27999999999975
-242.90999999999974
-244.53999999999974
-246.16999999999973
-247.79999999999973
-249.42999999999972
-251.05999999999972
-252.6899999999997
-254.3199999999997
-255.9499999999997
-257.5799999999997
-259.2099999999997
-260.8399999999997
-262.4699999999997
-264.0999999999997
-265.7299999999997
-267.3599999999997
-268.98999999999967
-270.61999999999966
-272.24999999999966
-273.87999999999965
-275.50999999999965
-277.13999999999965
-278.76999999999964
-280.39999999999964
-282.02999999999963
-283.6599999999996
-285.2899999999996
-286.9199999999996
-288.5499999999996
-290.1799999999996
-291.8099999999996
-293.4399999999996
-295.0699999999996
-296.6999999999996
-298.3299999999996
-299.9599999999996
-301.5899999999996
-303.2199999999996
-304.84999999999957
-306.47999999999956
-308.10999999999956
-309.73999999999955
-311.36999999999955
-312.99999999999955
-314.62999999999954
-316.25999999999954
-317.88999999999953
-319.5199999999995
-321.1499999999995
-322.7799999999995
-324.4099999999995
-326.0399999999995
-327.6699999999995
-329.2999999999995
-330.9299999999995
-332.5599999999995
-334.1899999999995
-335.8199999999995
-337.4499999999995
-339.0799999999995
-340.70999999999947
-342.33999999999946
-343.96999999999946
-345.59999999999945
-347.22999999999945
-348.85999999999945
-350.48999999999944
-352.11999999999944
-353.74999999999943
-355.3799999999994
-357.0099999999994
-358.6399999999994
-360.2699999999994
-361.8999999999994
-363.5299999999994
-365.1599999999994
-366.7899999999994
-368.4199999999994
